Epoch	Train_Loss	Val_Loss
1	0.146726	0.279228
2	0.030404	0.231386
3	0.024328	0.220955
4	0.021459	0.208729
5	0.019712	0.207763
6	0.018774	0.219732
7	0.018221	0.210584
8	0.017640	0.213266
9	0.013510	0.203279
10	0.013225	0.198016
11	0.013092	0.196427
12	0.012931	0.191426
13	0.012813	0.194897
14	0.012709	0.189648
15	0.012623	0.189390
16	0.012544	0.193817
17	0.012435	0.198530
18	0.012401	0.190502
19	0.010451	0.186991
20	0.010352	0.190992
21	0.010318	0.188420
22	0.010269	0.189310
23	0.009222	0.185266
24	0.009141	0.192501
25	0.009093	0.185395
26	0.009055	0.187282
27	0.008480	0.189617
28	0.008429	0.187652
29	0.008309	0.186555
30	0.008183	0.187316
31	0.008123	0.186427
32	0.008073	0.188673
33	0.008030	0.188439
34	0.007989	0.186286
35	0.007948	0.187679
36	0.007909	0.188672
37	0.007870	0.187472
38	0.007836	0.188208

--- Test Metrics ---
Test MSE (log):     0.32185604
Test RMSE (log):    0.567324
Test MSE (price):   0.00001913
Test RMSE (price):  0.004374
Test MAE (price):   0.002477
Test R^2 (log):     0.917777
Test R^2 (price):   0.961502
Test R^2 (log, T>1day): 0.917777  (1380379/1380379 kept)
Test MSE (log, T>1day): 0.32185602
