Epoch	Train_MSE	Val_MSE	Val_RMSE
1	2.186e-01	3.602e-02	1.898e-01
2	1.545e-02	1.392e-02	1.180e-01
3	1.391e-02	6.553e-03	8.095e-02
4	7.608e-03	1.718e-02	1.311e-01
5	9.292e-03	6.849e-03	8.276e-02
6	9.567e-03	7.110e-03	8.432e-02
7	6.407e-03	5.643e-03	7.512e-02
8	6.509e-03	3.763e-03	6.134e-02
9	6.842e-03	1.207e-02	1.099e-01
10	5.139e-03	4.659e-03	6.825e-02
11	5.481e-03	1.018e-02	1.009e-01
12	5.326e-03	5.174e-03	7.193e-02
13	4.583e-03	4.487e-03	6.699e-02
14	5.157e-03	7.283e-03	8.534e-02
15	3.886e-03	4.037e-03	6.354e-02
16	4.273e-03	1.205e-03	3.471e-02
17	4.869e-03	1.149e-03	3.389e-02
18	3.626e-03	3.903e-03	6.248e-02
19	3.637e-03	1.298e-02	1.139e-01
20	4.819e-03	3.755e-03	6.128e-02
21	3.486e-03	9.836e-03	9.918e-02
22	3.220e-03	1.123e-03	3.352e-02
23	3.272e-03	1.642e-03	4.052e-02
24	3.435e-03	5.802e-03	7.617e-02
25	3.184e-03	1.460e-03	3.821e-02
26	2.681e-03	5.121e-04	2.263e-02
27	2.931e-03	2.525e-03	5.025e-02
28	2.733e-03	3.410e-03	5.840e-02
29	2.879e-03	1.074e-03	3.277e-02
30	3.276e-03	2.069e-03	4.549e-02
31	3.047e-03	3.317e-03	5.759e-02
32	2.946e-03	3.422e-03	5.849e-02
33	2.949e-03	2.783e-03	5.275e-02
34	2.222e-03	6.785e-04	2.605e-02
35	2.244e-03	9.628e-04	3.103e-02
36	2.087e-03	3.359e-03	5.796e-02
37	2.159e-03	1.142e-03	3.379e-02
38	2.578e-03	1.826e-03	4.273e-02
39	1.901e-03	3.737e-03	6.113e-02
40	2.526e-03	3.320e-03	5.762e-02
41	1.754e-03	4.201e-03	6.482e-02
42	2.919e-03	6.905e-04	2.628e-02
43	2.068e-03	7.151e-03	8.456e-02
44	2.020e-03	1.599e-03	3.999e-02
45	2.101e-03	6.044e-04	2.458e-02
46	2.000e-03	3.302e-03	5.746e-02
47	1.988e-03	2.045e-03	4.522e-02
48	1.853e-03	1.422e-03	3.771e-02
49	1.805e-03	1.505e-03	3.879e-02
50	2.144e-03	1.160e-03	3.407e-02
51	1.718e-03	2.716e-04	1.648e-02
52	2.246e-03	1.544e-03	3.929e-02
53	1.946e-03	1.566e-03	3.957e-02
54	2.223e-03	1.601e-03	4.001e-02
55	1.901e-03	3.773e-03	6.143e-02
56	1.689e-03	1.869e-03	4.323e-02
57	1.797e-03	1.142e-03	3.379e-02
58	1.617e-03	2.251e-03	4.745e-02
59	1.664e-03	1.312e-03	3.622e-02
60	1.721e-03	1.188e-03	3.446e-02
61	2.476e-03	1.355e-03	3.682e-02
62	9.956e-04	3.379e-03	5.813e-02
63	1.979e-03	7.618e-04	2.760e-02
64	1.194e-03	8.962e-04	2.994e-02
65	2.186e-03	1.091e-03	3.303e-02
66	1.459e-03	2.428e-03	4.928e-02
67	1.756e-03	7.922e-04	2.815e-02
68	1.127e-03	4.392e-03	6.628e-02
69	1.557e-03	3.346e-03	5.785e-02
70	1.754e-03	2.020e-03	4.494e-02
71	1.274e-03	3.884e-03	6.233e-02
72	1.345e-03	8.425e-04	2.903e-02
73	1.862e-03	4.068e-03	6.378e-02
74	1.360e-03	8.073e-04	2.841e-02
75	1.293e-03	3.918e-03	6.259e-02
76	1.184e-03	7.822e-04	2.797e-02
77	1.310e-03	1.178e-03	3.432e-02
78	1.796e-03	9.678e-04	3.111e-02
79	1.315e-03	4.522e-04	2.126e-02
80	1.624e-03	1.854e-03	4.306e-02
81	1.209e-03	3.912e-03	6.255e-02
82	2.821e-04	9.864e-05	9.932e-03
83	1.107e-04	6.959e-05	8.342e-03
84	7.758e-05	5.816e-05	7.626e-03
85	6.088e-05	5.351e-05	7.315e-03
86	5.210e-05	4.822e-05	6.944e-03
87	4.580e-05	4.571e-05	6.761e-03
88	4.274e-05	4.324e-05	6.576e-03
89	4.051e-05	4.102e-05	6.405e-03
90	3.763e-05	3.920e-05	6.261e-03
91	3.591e-05	3.711e-05	6.092e-03
92	3.378e-05	3.535e-05	5.945e-03
93	3.218e-05	3.388e-05	5.821e-03
94	3.068e-05	3.206e-05	5.662e-03
95	2.913e-05	2.971e-05	5.451e-03
96	2.765e-05	2.757e-05	5.250e-03
97	2.609e-05	2.659e-05	5.157e-03
98	2.488e-05	2.551e-05	5.051e-03
99	2.383e-05	2.402e-05	4.901e-03
100	2.284e-05	2.332e-05	4.829e-03
101	2.217e-05	2.281e-05	4.776e-03
102	2.154e-05	2.200e-05	4.690e-03
103	2.073e-05	2.144e-05	4.630e-03
104	2.015e-05	2.042e-05	4.519e-03
105	1.936e-05	2.013e-05	4.487e-03
106	1.870e-05	1.971e-05	4.440e-03
107	1.818e-05	1.893e-05	4.351e-03
108	1.759e-05	1.847e-05	4.297e-03
109	1.709e-05	1.809e-05	4.254e-03
110	1.655e-05	1.724e-05	4.152e-03
111	1.587e-05	1.655e-05	4.068e-03
112	1.529e-05	1.592e-05	3.990e-03
113	1.468e-05	1.535e-05	3.918e-03
114	1.429e-05	1.487e-05	3.856e-03
115	1.388e-05	1.439e-05	3.794e-03
116	1.346e-05	1.400e-05	3.742e-03
117	1.312e-05	1.375e-05	3.708e-03
118	1.272e-05	1.340e-05	3.660e-03
119	1.236e-05	1.309e-05	3.617e-03
120	1.201e-05	1.262e-05	3.552e-03
121	1.168e-05	1.242e-05	3.524e-03
122	1.140e-05	1.203e-05	3.468e-03
123	1.109e-05	1.192e-05	3.453e-03
124	1.081e-05	1.185e-05	3.443e-03
125	1.059e-05	1.168e-05	3.417e-03
126	1.038e-05	1.140e-05	3.376e-03
127	1.016e-05	1.122e-05	3.350e-03
128	9.965e-06	1.103e-05	3.321e-03
129	9.729e-06	1.102e-05	3.319e-03
130	9.536e-06	1.073e-05	3.275e-03
131	9.363e-06	1.043e-05	3.230e-03
132	9.172e-06	1.021e-05	3.195e-03
133	9.038e-06	1.019e-05	3.192e-03
134	8.888e-06	1.014e-05	3.184e-03
135	8.723e-06	9.869e-06	3.142e-03
136	8.520e-06	9.522e-06	3.086e-03
137	8.279e-06	9.357e-06	3.059e-03
138	8.088e-06	9.219e-06	3.036e-03
139	7.959e-06	9.124e-06	3.021e-03
140	7.834e-06	8.591e-06	2.931e-03
141	7.658e-06	8.409e-06	2.900e-03
142	7.539e-06	8.175e-06	2.859e-03
143	7.392e-06	8.061e-06	2.839e-03
144	7.284e-06	7.909e-06	2.812e-03
145	7.114e-06	7.678e-06	2.771e-03
146	6.914e-06	7.422e-06	2.724e-03
147	6.754e-06	7.280e-06	2.698e-03
148	6.652e-06	7.229e-06	2.689e-03
149	6.536e-06	7.076e-06	2.660e-03
150	6.376e-06	6.882e-06	2.623e-03
151	6.266e-06	6.707e-06	2.590e-03
152	6.118e-06	6.590e-06	2.567e-03
153	5.992e-06	6.462e-06	2.542e-03
154	5.868e-06	6.295e-06	2.509e-03
155	5.769e-06	6.189e-06	2.488e-03
156	5.692e-06	6.137e-06	2.477e-03
157	5.579e-06	6.020e-06	2.454e-03
158	5.485e-06	5.756e-06	2.399e-03
159	5.389e-06	5.587e-06	2.364e-03
160	5.279e-06	5.541e-06	2.354e-03
161	5.197e-06	5.427e-06	2.330e-03
162	5.125e-06	5.311e-06	2.305e-03
163	5.019e-06	5.266e-06	2.295e-03
164	4.945e-06	5.191e-06	2.278e-03
165	4.856e-06	5.076e-06	2.253e-03
166	4.792e-06	5.049e-06	2.247e-03
167	4.745e-06	4.942e-06	2.223e-03
168	4.689e-06	4.854e-06	2.203e-03
169	4.623e-06	4.869e-06	2.207e-03
170	4.556e-06	4.818e-06	2.195e-03
171	4.479e-06	4.749e-06	2.179e-03
172	4.412e-06	4.676e-06	2.162e-03
173	4.340e-06	4.505e-06	2.123e-03
174	4.253e-06	4.396e-06	2.097e-03
175	4.187e-06	4.354e-06	2.087e-03
176	4.119e-06	4.275e-06	2.068e-03
177	4.055e-06	4.206e-06	2.051e-03
178	4.002e-06	4.188e-06	2.047e-03
179	3.959e-06	4.165e-06	2.041e-03
180	3.900e-06	4.105e-06	2.026e-03
181	3.841e-06	4.057e-06	2.014e-03

--- Final Validation Metrics ---
MSE:  4.057e-06
RMSE: 2.014e-03
